initial: 6
0.71932 0.00044 0.09197 0.18827 0.00000 0.00000

transition: 6
0.30902 0.00006 0.49452 0.00000 0.00000 0.19640
0.00112 0.19951 0.79934 0.00000 0.00003 0.00000
0.00000 0.49847 0.20245 0.29908 0.00000 0.00000
0.00000 0.20119 0.00136 0.59732 0.00000 0.20013
0.10496 0.00000 0.00000 0.00000 0.49577 0.39927
0.00000 0.39309 0.00000 0.00000 0.30016 0.30675

observation: 6
0.99566 0.49899 0.29758 0.09838 0.00000 0.09874
0.00249 0.00000 0.39935 0.09938 0.10446 0.09719
0.00185 0.00116 0.20135 0.80225 0.09022 0.30883
0.00000 0.49976 0.10170 0.00000 0.00204 0.39620
0.00000 0.00009 0.00003 0.00000 0.00174 0.09903
0.00000 0.00000 0.00000 0.00000 0.80153 0.00000
