initial: 6
0.50747 0.49253 0.00000 0.00000 0.00000 0.00000

transition: 6
0.29176 0.50881 0.00624 0.19320 0.00000 0.00000
0.00000 0.50238 0.19912 0.00000 0.00000 0.29851
0.00479 0.00000 0.20072 0.78769 0.00000 0.00680
0.00010 0.00000 0.00448 0.28289 0.51252 0.20000
0.00000 0.00000 0.00000 0.00000 0.50078 0.49922
0.59832 0.00000 0.20653 0.19515 0.00000 0.00000

observation: 6
0.00035 0.29972 0.00094 0.10010 0.29879 0.09844
0.09993 0.39651 0.00000 0.10140 0.00000 0.10060
0.40431 0.19999 0.49073 0.29595 0.30228 0.00000
0.49541 0.10379 0.50698 0.40258 0.00000 0.00000
0.00000 0.00000 0.00134 0.09997 0.00000 0.80096
0.00000 0.00000 0.00000 0.00000 0.39893 0.00000
