initial: 6
0.71753 0.00240 0.09273 0.18734 0.00000 0.00000

transition: 6
0.29607 0.00705 0.50741 0.00000 0.00000 0.18947
0.19868 0.20075 0.60012 0.00000 0.00038 0.00007
0.00243 0.49543 0.20302 0.29911 0.00000 0.00000
0.00000 0.20116 0.00335 0.59606 0.00000 0.19943
0.10747 0.00000 0.00000 0.00000 0.49945 0.39308
0.00000 0.39368 0.00000 0.00000 0.30449 0.30183

observation: 6
0.69600 0.49832 0.30269 0.09979 0.00000 0.09730
0.00111 0.00000 0.39819 0.09835 0.10338 0.09684
0.30289 0.00000 0.20042 0.19625 0.09733 0.30241
0.00000 0.50168 0.09870 0.00000 0.00000 0.40415
0.00000 0.00000 0.00000 0.60560 0.00255 0.09930
0.00000 0.00000 0.00000 0.00000 0.79674 0.00000
