initial: 6
0.00175 0.10137 0.09720 0.21059 0.00000 0.58908

transition: 6
0.20231 0.20006 0.59733 0.00000 0.00030 0.00000
0.00232 0.28778 0.51931 0.00000 0.00005 0.19054
0.49558 0.00525 0.19873 0.30044 0.00000 0.00000
0.20063 0.00000 0.00116 0.59874 0.00000 0.19947
0.00000 0.10139 0.00000 0.00000 0.50170 0.39691
0.39776 0.00000 0.00000 0.00000 0.30242 0.29982

observation: 6
0.49562 0.70171 0.30336 0.10043 0.00000 0.09918
0.00138 0.00000 0.39790 0.09953 0.10336 0.09588
0.00000 0.29828 0.20051 0.19646 0.09790 0.30192
0.50300 0.00000 0.09823 0.00000 0.00232 0.40205
0.00000 0.00000 0.00000 0.60358 0.00195 0.10097
0.00000 0.00000 0.00000 0.00000 0.79447 0.00000
